year_effects=[5.097327831586514, -10.55856304866545, 10.056964351696656, -9.822335109681307, -3.131151699777978, 3.5313437476062126, -9.968672568755936]
field_effects=[230.19746329827848, 232.0134162747299, 242.22675883855823, 247.78786656769145, 235.28294705832926, 243.52766996138348, 232.864761288185, 242.67096312899812]
nitro_effect=[7.626437129372773, 4.949018251891776, 7.6324388311483276, 5.345795034197768, 7.186585436370194, 4.767987993907019, 7.269958892831291, 9.994701486904066]
phosph_effect=[11.299171410292331, 13.320734234518897, 4.314568646164096, 11.662096127945874, 4.47907132436236, 6.857910866219562, 6.188402668077879, -1.7185171946727404]
np_inter_effect=[-0.3565791788742978, -3.4127119279466527, 2.437810916248333, -4.670095018264313, -2.1421998426016446, 3.1473693071602886, 1.0801522225216786, -5.106770149289019]
treat_eff=[(230.19746329827848, 237.82390042765124, 241.4966347085708, 248.76649265906929), 
           (232.0134162747299, 236.96243452662168, 245.33415050924881, 246.87045683319394), 
           (242.22675883855823, 249.85919766970656, 246.54132748472233, 256.611577232119), 
           (247.78786656769145, 253.13366160188923, 259.44996269563734, 260.1256627115708), 
           (235.28294705832926, 242.46953249469945, 239.76201838269162, 244.80640397646016), 
           (243.52766996138348, 248.2956579552905, 250.38558082760304, 258.30093812867034), 
           (232.864761288185, 240.1347201810163, 239.0531639562629, 247.40327507161587), 
           (242.67096312899812, 252.6656646159022, 240.9524459343254, 245.84037727194044)]
